image: 20180804.png
resolution: 0.050000
origin: [-50.000000, -50.000000, 0.000000]
negate: 0
occupied_thresh: 0.5
free_thresh: 0.02

